,Topic,kws
0,0,"['возбуждено уголовное', 'уголовное дело', 'уголовного', 'уголовное', 'следственного', 'следственного комитета', 'правоохранительных', 'задержан', 'лишения свободы', 'суда', 'суд', 'дело', 'года', 'рублей', 'дела', 'следствия', 'отношении', 'данным', 'области', 'время']"
1,1,"['google', 'интернете', 'интернета', 'сайтов', 'сайты', 'интернет', 'яндекс', 'сайте', 'twitter', 'сайт', 'пользователей', 'интернет', 'компании', 'доступ', 'данных', 'года', 'информации', 'данные', 'сайт', 'информацию']"
2,2,"['самолета', 'самолет', 'самолете', 'самолетов', 'борту самолета', 'воздушного судна', 'авиакомпании', 'воздушное судно', 'airlines', 'аэропорт', 'самолет', 'самолета', 'борту', 'авиакомпании', 'пассажиров', 'аэропорту', 'посадку', 'экипажа', 'лайнера', 'аэропорта']"
3,3,"['звездные войны', 'трилогии', 'звездных войн', 'игры престолов', 'игра престолов', 'на экраны', 'персонажей', 'актер', 'the hollywood', 'hollywood', 'фильма', 'роль', 'фильм', 'картины', 'сериала', 'фильме', 'актер', 'престолов', 'роли', 'года']"
4,4,"['гены', 'генов', 'ученые из', 'миллионов лет', 'ученые', 'ученых', 'исследователей', 'исследователи', 'тысяч лет', 'биологи', 'ученые', 'журнале', 'исследователи', 'университета', 'ученых', 'лет', 'исследования', 'человека', 'исследование', 'мозга']"
5,5,"['авария произошла', 'аварии', 'авария', 'результате аварии', 'инцидент произошел', 'инцидент', 'происшествия', 'автобусе', 'автомобилем', 'автомобиля', 'водитель', 'аварии', 'результате', 'автобуса', 'автомобиль', 'человек', 'месте', 'водителя', 'происшествия', 'инцидент']"
6,6,"['iphone plus', 'iphone', 'apple watch', 'ipad', 'смартфоны', 'смартфонов', 'apple', 'смартфона', 'смартфон', 'samsung', 'компания', 'смартфон', 'смартфонов', 'устройства', 'компании', 'смартфона', 'устройство', 'устройств', 'долларов', 'памяти']"
7,7,[]
8,8,"['зоопарке', 'зоопарка', 'животных', 'животными', 'животные', 'животным', 'животное', 'животного', 'питомца', 'собак', 'животных', 'животное', 'собак', 'собаки', 'животные', 'собака', 'время', 'инцидент', 'видео', 'собаку']"
9,9,"['одежды аксессуаров', 'коллекцию одежды', 'моды', 'нижнего белья', 'одежду', 'одежда', 'одежды', 'одежды обуви', 'кроссовки', 'кроссовок', 'коллекцию', 'одежды', 'бренда', 'бренд', 'компания', 'коллекции', 'обуви', 'году', 'марка', 'марки']"
10,10,"['пожар произошел', 'произошел пожар', 'пожара', 'пожар', 'площадь пожара', 'пожару', 'пожаров', 'пожаре', 'при пожаре', 'возгорание произошло', 'пожара', 'возгорания', 'квадратных метров', 'квадратных', 'метров', 'возгорание', 'человек', 'на', 'результате', 'пострадавших']"
11,11,"['мир квартир', 'аренду', 'жилье', 'апартаменты', 'апартаментов', 'аренды', 'жилья', 'недвижимости', 'рублей месяц', 'москвы', 'рублей', 'квартир', 'жилья', 'квартиры', 'процентов', 'тысячи', 'недвижимости', 'миллиона', 'процента', 'стоимость']"
12,12,"['президентской', 'кандидата', 'президентом', 'кандидат', 'президента', 'президент', 'выборы президента', 'обама', 'президенты', 'на выборах', 'президента', 'президент', 'пост', 'выборы', 'президенты', 'государства', 'демократов', 'выборах', 'года', 'американский']"
13,13,"['что россия', 'россией', 'россию', 'россия', 'россии', 'ликвидации ракет', 'российского', 'вооружения', 'вооружений', 'москва', 'ракет', 'договора', 'президент', 'альянса', 'страны', 'ракеты', 'безопасности', 'обороны', 'стран', 'дальности']"
14,14,"['россия', 'россии', 'россию', 'россиян', 'импорт', 'роспотребнадзор', 'ввоз', 'россельхознадзора', 'россельхознадзор', 'экспорт', 'продукции', 'процента', 'процентов', 'продуктов', 'товаров', 'эмбарго', 'тонн', 'года', 'продукты', 'ввоз']"
15,15,"['телеведущий', 'на телеканале', 'телеканале', 'телеканала', 'телеканал', 'ток шоу', 'газпром медиа', 'доренко', 'первом канале', 'главного редактора', 'канала', 'шоу', 'канал', 'радиостанции', 'телеканала', 'эфире', 'программы', 'эфир', 'ведущий', 'медиа']"
16,16,"['моряки', 'моряков', 'на судне', 'членов экипажа', 'судно', 'судна', 'корабли', 'корабль', 'корабля', 'лодка', 'судно', 'судна', 'борту', 'море', 'экипажа', 'человек', 'моряков', 'берегов', 'мигрантов', 'корабль']"
17,17,"['процента голосов', 'центризбиркома', 'единой россии', 'голосования', 'избирателей', 'единая россия', 'голосование', 'россии', 'россия', 'справедливой россии', 'выборы', 'выборах', 'партии', 'голосования', 'выборов', 'депутатов', 'кандидатов', 'избирателей', 'голосов', 'сентября']"
18,18,"['православной церкви', 'православная церковь', 'православных', 'московского патриархата', 'православная', 'православной', 'русской православной', 'митрополит', 'епархии', 'патриарх', 'церкви', 'памятник', 'памятника', 'патриарх', 'православной', 'церковь', 'православной церкви', 'храма', 'году', 'собора']"
19,19,"['сирийские', 'сирийского', 'сирийской', 'сирии', 'россия', 'россии', 'переговоры', 'вашингтон', 'по сирии', 'переговоров', 'сирийской', 'государство', 'президент', 'боевиков', 'президента', 'сентября', 'территории', 'террористов', 'страны', 'силы']"
20,20,"['российской академии', 'академии наук', 'научных организаций', 'россии', 'образования науки', 'ученых', 'институтов', 'научные', 'российской', 'академии', 'образования', 'научных', 'наук', 'науки', 'академии', 'году', 'года', 'рамках', 'развития', 'рублей']"
21,21,"['нового альбома', 'российского itunes', 'новый альбом', 'студийный альбом', 'песню', 'альбомом', 'альбом', 'песни', 'альбома', 'песен', 'альбом', 'альбома', 'группы', 'группа', 'пластинка', 'сборник', 'песни', 'году', 'песен', 'пластинки']"
22,22,"['гаджеты соцсети', 'гаджетов соцсетей', 'мире гаджетов', 'гаджеты технологии', 'соцсети это', 'соцсетей', 'социальные сети', 'соцсети', 'как гаджеты', 'социальных сетей', 'гаджеты', 'гаджетов', 'соцсети', 'социальные', 'социальные сети', 'технологий', 'технологии', 'жизнь', 'жизни', 'сети']"
23,23,"['уровень воды', 'наводнение', 'наводнения', 'реки', 'реке', 'воды', 'вода', 'подтопления', 'дамбы', 'дожди', 'воды', 'наводнения', 'человек', 'мост', 'результате', 'области', 'вода', 'районе', 'домов', 'дома']"
24,24,"['теракта', 'серия терактов', 'терактов', 'теракты', 'теракт', 'террористов', 'террористическая', 'террористической', 'париже', 'парижа', 'терактов', 'заложников', 'человек', 'исламское', 'исламское государство', 'террористической', 'государство', 'теракта', 'данным', 'подозреваемых']"
25,25,"['альпинист', 'альпинистов', 'альпиниста', 'схода лавины', 'лавины', 'россии', 'лавина', 'погибшего', 'горы', 'погиб', 'тело', 'спасатели', 'турист', 'время', 'альпинистов', 'мужчина', 'инцидент', 'воду', 'горы', 'туристов']"
26,26,"['антироссийских санкций', 'антироссийские санкции', 'отношении россии', 'санкций против', 'новых санкций', 'санкций отношении', 'против россии', 'новые санкции', 'россию', 'экономические санкции', 'санкции', 'санкций', 'отношении', 'стран', 'меры', 'мер', 'антироссийских', 'список', 'востоке', 'российских']"
27,27,"['airlines', 'авиакомпании', 'рейсы', 'аэропортах', 'аэропорты', 'авиакомпания', 'авиакомпаний', 'аэропорта', 'аэропорт', 'аэропорту', 'рейсов', 'рейсы', 'авиакомпании', 'авиакомпания', 'полеты', 'пассажиров', 'авиакомпаний', 'рейс', 'полетов', 'компании']"
28,28,"['президент россии', 'владимир путин', 'россии владимир', 'губернатора', 'губернатор', 'кремля', 'россии', 'президента', 'президент', 'владимир', 'главы', 'отставку', 'губернатора', 'должности', 'области', 'пост', 'отставке', 'обязанности', 'глава', 'года']"
29,29,"['беременности', 'беременность', 'ребенка', 'родила', 'ребенок', 'матери', 'ее', 'мать', 'она', 'доктора', 'врачи', 'женщина', 'ребенка', 'больницу', 'издание', 'боль', 'пациента', 'время', 'лет', 'мужчина']"
30,30,"['российский газ', 'российского газа', 'поставок газа', 'поставки газа', 'природного газа', 'кубометров газа', 'газопровода', 'нафтогаз', 'газопровод', 'украина', 'газа', 'кубометров', 'газ', 'газопровода', 'поставок', 'российского газа', 'поставки', 'долларов', 'российского', 'миллиардов']"
31,31,"['при падении', 'мальчика', 'мальчик', 'падении', 'упала', 'упал', 'ребенок', 'доставили больницу', 'инцидент произошел', 'инцидент', 'этажа', 'ребенок', 'окна', 'ребенка', 'инцидент', 'падения', 'балкона', 'больницу', 'следственного', 'мальчика']"
32,32,"['дом технологии', 'современные технологии', 'технологии для', 'технологий', 'новых технологий', 'технологиях', 'технология', 'новые технологии', 'технологии', 'современные', 'технологии', 'технологий', 'дом', 'дома', 'доме', 'домов', 'инновации', 'новых', 'системы', 'использование']"
33,33,"['произошел взрыв', 'взрыв произошел', 'бытового газа', 'результате взрыва', 'при взрыве', 'взрыва', 'взрывов', 'взрыве', 'взрыв', 'газа', 'взрыв', 'взрыва', 'газа', 'результате', 'человек', 'происшествия', 'доме', 'пострадавших', 'бытового газа', 'дома']"
34,34,"['он умер', 'умер возрасте', 'скончался возрасте', 'скончался', 'умер', 'американский актер', 'причина смерти', 'актер', 'причиной смерти', 'смерти', 'смерти', 'году', 'лет', 'возрасте', 'жизни', 'американский', 'карьеру', 'роли', 'музыкант', 'группы']"
35,35,"['глобального потепления', 'глобальное потепление', 'климата', 'парниковых газов', 'углекислого газа', 'потепления', 'потепление', 'уровня моря', 'выбросов', 'углекислого', 'ученые', 'земли', 'лет', 'воды', 'климата', 'ученых', 'температуры', 'километров', 'океана', 'журнале']"
36,36,"['поездов на', 'московского метро', 'поезда', 'поездов', 'поезде', 'поезд', 'московского метрополитена', 'пассажирский поезд', 'железной дороги', 'движение поездов', 'поезда', 'поезд', 'поездов', 'движение', 'станции', 'рельсов', 'линии', 'метро', 'вагонов', 'пассажиров']"
37,37,"['российский бомбардировщик', 'турецкие власти', 'президент турции', 'турецкий лидер', 'россией', 'бомбардировщик су', 'бомбардировщик', 'россия', 'россии', 'что турция', 'турецкие', '24', 'президент', 'турецкий', 'бомбардировщик', 'турецкого', 'российский', 'операции', 'турецкой', 'курдов']"
38,38,"['физики из', 'физики', 'квантовой', 'физиков', 'квантовых', 'частиц', 'ученые', 'ученых', 'частицы', 'ученым', 'ученые', 'физики', 'частиц', 'квантовой', 'журнале', 'частицы', 'атомов', 'света', 'ученых', 'университета']"
39,39,"['актриса', 'был госпитализирован', 'госпитализировали', 'госпитализирован', 'народного артиста', 'попал больницу', 'госпитализации', 'режиссер', 'реанимацию', 'больниц', 'актер', 'артиста', 'артист', 'больницу', 'состояние', 'врачи', 'госпитализации', 'состоянии', 'актера', 'имени']"
40,40,"['международного кинофестиваля', 'кинофестивале', 'кинофестиваля', 'российского режиссера', 'кинофестиваль', 'кинотеатре', 'лучший фильм', 'режиссера', 'кино', 'фильма', 'фильм', 'кино', 'фестиваля', 'режиссера', 'кинофестиваля', 'фестиваль', 'лучший', 'режиссер', 'приз', 'фильмов']"
41,41,"['brexit', 'министр великобритании', 'европейского союза', 'референдум', 'парламент', 'выхода великобритании', 'премьер министра', 'премьер министр', 'из евросоюза', 'евросоюза', 'премьер', 'мигрантов', 'беженцев', 'страны', 'министр', 'выхода', 'министра', 'июня', 'года', 'выходе']"
42,42,"['северокорейского лидера', 'северной кореи', 'северную корею', 'северной корее', 'северокорейского', 'северная корея', 'кореи ким', 'северокорейский', 'ким чен', 'корейском полуострове', 'лидера', 'северокорейского', 'президент', 'испытания', 'ракеты', 'ядерного', 'денуклеаризации', 'агентство', 'ядерной', 'президента']"
43,43,"['теракта', 'теракт', 'за теракт', 'террорист смертник', 'талибы', 'талибана', 'талибан', 'движения талибан', 'движение талибан', 'террорист', 'человек', 'боевики', 'ответственность', 'результате', 'ранения', 'боевиков', 'провинции', 'смертник', 'страны', 'взрыва']"
44,44,"['кинематографистов россии', 'артист россии', 'режиссера', 'актер театра', 'кинематографистов', 'режиссер', 'скончался возрасте', 'театра кино', 'скончался', 'театре имени', 'смерти', 'году', 'театра', 'артист', 'театре', 'лет', 'имени', 'жизни', 'возрасте', 'года']"
45,45,"['на экономику', 'экономический рост', 'экономического роста', 'экономику', 'экономики', 'мировой экономики', 'экономика', 'экономические', 'экономический', 'экономике', 'экономики', 'экономика', 'экономического', 'мировой', 'экономической', 'рост', 'экономических', 'роста', 'политика', 'экономический']"
46,46,"['российских туристов', 'visit russia', 'по туризму', 'туристической', 'туризму', 'туристического', 'туризма', 'туроператоров россии', 'туристический', 'россии', 'туристов', 'туризма', 'процентов', 'путешественников', 'россиян', 'российских', 'году', 'отдых', 'российских туристов', 'рублей']"
47,47,"['сексуальных домогательствах', 'сексуальных домогательств', 'харви вайнштейна', 'актриса', 'секс скандала', 'домогательствах', 'домогательств', 'американская актриса', 'актрисы', 'скандала', 'домогательствах', 'актриса', 'сексуальных', 'сексуальных домогательствах', 'продюсера', 'женщин', 'словам', 'домогательств', 'секс', 'актрисы']"
48,48,"['экономики россии', 'экономика россии', 'российской экономики', 'российская экономика', 'рубля', 'россия', 'ввп россии', 'россии', 'прогноз по', 'банка россии', 'процента', 'рубля', 'экономики', 'роста', 'рост', 'экономика', 'года', 'году', 'нефть', 'экономического']"
49,49,"['концерт состоится', 'концертов', 'концерта', 'концерты', 'concert', 'концерт', 'рок группа', 'выступит москве', 'музыкантов', 'музыканты', 'концерт', 'группа', 'фестиваль', 'фестиваля', 'музыканты', 'группы', 'организаторы', 'релизе', 'выступление', 'билеты']"
50,50,"['американской киноакадемии', 'лучший фильм', 'лучшим актером', 'лучшая актриса', 'номинациях', 'киноакадемии', 'номинаций', 'awards', 'кино', 'актер', 'лучший', 'фильм', 'номинации', 'лучшая', 'лучшим', 'вручения', 'премии', 'премию', 'роль', 'церемония']"
51,51,"['российского лидера', 'представитель кремля', 'владимир путин', 'россией', 'россии', 'президента', 'президентов', 'президенты', 'российского', 'российским', 'президента', 'президент', 'российского', 'встречи', 'саммита', 'переговоры', 'лидера', 'секретарь', 'пресс', 'российским']"
52,52,"['кинематографист', 'режиссером', 'режиссера', 'фильмом', 'фильма', 'режиссер', 'фильм', 'фильме', 'продюсер', 'фильмов', 'фильма', 'фильм', 'режиссер', 'картины', 'съемки', 'фильме', 'картина', 'роли', 'года', 'роль']"
53,53,"['многоквартирных домов', 'жилье', 'жилых помещений', 'жилищного', 'градостроительной политики', 'жилья', 'градостроительной', 'многоквартирных', 'жилых', 'аварийного жилья', 'жилья', 'домов', 'реновации', 'жилье', 'строительства', 'квартиры', 'жилых', 'квадратных', 'дома', 'квартир']"
54,54,"['президента украины', 'киев', 'востоке украины', 'украина', 'украины', 'киеве', 'украине', 'украиной', 'донецкой', 'россией', 'полуострова', 'президента', 'состав', '2014', 'власти', 'референдума', 'полуостров', 'украинского', '2014 года', 'украинские']"
55,55,"['президента венесуэлы', 'президент венесуэлы', 'ситуация венесуэле', 'венесуэлы', 'венесуэле', 'венесуэле обострилась', 'венесуэлы николас', 'венесуэльской', 'временным президентом', 'президента николаса', 'страны', 'президента', 'президент', 'оппозиции', 'президентом', 'стране', 'государства', 'власти', 'лидер', 'правительства']"
56,56,"['конкурсе евровидение', 'конкурса евровидение', 'евровидения 2017', 'конкурс евровидение', 'евровидение 2017', 'на евровидении', 'на евровидение', 'россию на', 'украина', 'украину', 'конкурса', 'конкурсе', 'мая', 'финал', 'певица', 'конкурс', '2017', 'песней', 'певец', 'году']"
57,57,"['пенсионного возраста', 'пенсионный возраст', 'повышения пенсионного', 'повышение пенсионного', 'пенсионные', 'пенсионных', 'пенсию', 'пенсионный', 'пенсионного', 'пенсия', 'пенсионного', 'пенсии', 'пенсию', 'возраста', 'пенсионного возраста', 'пенсий', 'пенсионный', 'пенсионных', 'лет', 'пенсионной']"
58,58,"['мире кино', 'мир кино', 'мирового кино', 'голливуде', 'голливуда', 'кино это', 'киноиндустрии', 'актеров', 'актеры', 'кино', 'кино', 'актеров', 'самых', 'киноиндустрии', 'актеры', 'фильм', 'статьи', 'мире', 'мир', 'звезды']"
59,59,"['центре москвы', 'шествие', 'протеста', 'митинг', 'митинге', 'москвы', 'шествия', 'митинга', 'москве', 'марш', 'акции', 'митинг', 'человек', 'площади', 'акция', 'участников', 'митинга', 'шествие', 'организаторы', 'акцию']"
60,60,"['однополых браков', 'однополые браки', 'гомосексуализма', 'однополые', 'однополых', 'гомосексуальные', 'гей парада', 'гей парад', 'геи', 'легализованы', 'гей', 'однополые', 'браки', 'однополые браки', 'геев', 'однополых', 'закон', 'браков', 'однополых браков', 'парада']"
61,61,"['жилищных кредитов', 'ипотечного кредитования', 'по ипотечным', 'ипотеки', 'ипотечным кредитам', 'ипотечных кредитов', 'ипотечных', 'ипотечные', 'ипотечным', 'ипотечный', 'кредитов', 'ставки', 'ипотечных', 'процентов', 'ипотеки', 'ипотеке', 'процента', 'рублей', 'ипотечного', 'кредитам']"
62,62,"['российском рынке', 'тысяч автомобилей', 'тысячи автомобилей', 'автопроизводителей', 'легковых автомобилей', 'агентство автостат', 'россии', 'volkswagen', 'тысячи машин', 'автомобили', 'автомобилей', 'процента', 'автомобили', 'процентов', 'года', 'продажи', 'продаж', 'тысяч', 'машины', 'автомобиль']"
63,63,"['федерального бюджета', 'бюджета на', 'бюджета', 'бюджет', 'миллиардов рублей', 'миллиарда рублей', 'триллиона рублей', 'россии', 'банк россии', 'дефицит', 'рублей', 'триллиона', 'бюджета', 'миллиардов', 'миллиарда', 'процента', 'фонда', 'бюджет', 'финансов', 'банка']"
64,64,"['городского транспорта', 'транспортные системы', 'городским движением', 'транспорт это', 'городского движения', 'транспорт авто', 'городское движение', 'транспорта', 'дорожного движения', 'транспорт', 'транспорта', 'транспорт', 'дорогах', 'города', 'городе', 'городского', 'городское', 'движения', 'городское движение', 'это']"
65,65,"['путевок турцию', 'чартерные рейсы', 'турцией', 'туроператоров россии', 'турции', 'авиабилетов', 'путешественников', 'путешественники', 'турцию', 'туристы', 'билеты', 'рублей', 'туристов', 'билетов', 'рейсы', 'тысячи', 'туроператоров', 'авиакомпания', '24', 'стоимость']"
66,66,"['были эвакуированы', 'эвакуированы', 'эвакуация', 'эвакуировали', 'угрозе взрыва', 'взрывное устройство', 'взрывных устройств', 'бомбу', 'бомбе', 'бомбы', 'взрывное устройство', 'взрывное', 'устройство', 'взрывных', 'минировании', 'взрыва', 'полиция', 'человек', 'эвакуация', 'бомбе']"
67,67,"['бургер кинг', 'burger king', 'бургера', 'burger', 'макдоналдс', 'бургер', 'макдоналдса', 'ресторанов быстрого', 'фастфуда', 'ресторане', 'бургер', 'ресторанов', 'быстрого питания', 'быстрого', 'сети', 'питания', 'ресторана', 'кафе', 'заведения', 'сеть']"
68,68,"['кинотеатры', 'кинотеатрах', 'кинематографии', 'кинотеатров', 'министерство культуры', 'режиссера', 'фильма', 'фильмов', 'фильма матильда', 'фильмы', 'культуры', 'фильма', 'фильм', 'фильмов', 'режиссер', 'прокат', 'картины', 'показ', 'режиссера', 'прокатное удостоверение']"
69,69,"['долларов фильм', 'кассовых фильмов', 'кинопроката', 'кинотеатрах', 'фильма', 'фильмов', 'самых кассовых', 'главной роли', 'премьеры', 'трилогии', 'долларов', 'миллиона', 'фильм', 'выходные', 'миллионов', 'прокате', 'сборы', 'проката', 'картина', 'лента']"
70,70,"['пользователи reddit', 'на reddit', 'пользователь reddit', 'twitter', 'reddit', 'рассказала', 'рассказал что', 'для знакомств', 'своей', 'рассказал', 'пользователи', 'ником', 'пользователь', 'девушка', 'юзер', 'знакомств', 'пользователей', 'лайков', 'тред', 'другой']"
71,71,"['роботом', 'робот', 'роботов', 'robotics', 'роботы', 'робот не', 'устройство', 'устройства', 'движения', 'оснащен', 'робота', 'робот', 'роботов', 'инженеры', 'способен', 'устройство', 'устройства', 'машины', 'помощью', 'видео']"
72,72,"['медведь напал', 'медведя на', 'медведицу', 'медведица', 'медведь', 'медведей', 'медведя', 'что медведь', 'медвежонка', 'медведем', 'медведя', 'медведь', 'медведей', 'животное', 'зверь', 'медведи', 'зверя', 'медведем', 'медведица', 'животных']"
73,73,"['русская арктика', 'арктике', 'арктики', 'арктика', 'арктического', 'арктических', 'арктической', 'арктический', 'экспедиции', 'антарктиде', 'экспедиции', 'северного', 'экспедиция', 'арктических', 'ледокол', 'арктического', 'году', 'километров', 'экспедицию', 'туристов']"
74,74,"['землетрясения', 'землетрясение', 'землетрясение магнитудой', 'землетрясений', 'землетрясение произошло', 'землетрясения находился', 'эпицентр землетрясения', 'результате землетрясения', 'произошло землетрясение', 'после землетрясения', 'землетрясение', 'землетрясения', 'цунами', 'магнитудой', 'толчки', 'эпицентр', 'человек', 'километрах', 'толчков', 'глубине']"
75,75,"['российского гражданства', 'граждан украины', 'российских паспортов', 'россиянам', 'украины', 'россии', 'россиян', 'россию', 'российского', 'российской', 'виз', 'гражданства', 'визы', 'граждан', 'паспорта', 'паспортов', 'дней', 'пребывания', 'граждане', 'срок']"
76,76,"['отравившихся', 'результате отравления', 'от отравления', 'отравились', 'массового отравления', 'массовое отравление', 'отравлении', 'отравлением', 'отравление', 'отравления', 'отравления', 'детей', 'человек', 'отравление', 'больницу', 'пострадавших', 'отравлением', 'данным', 'столовой', 'факту']"
77,77,"['нападения акул', 'нападения акулы', 'акула', 'акулой', 'акул', 'акулу', 'белая акула', 'акулы', 'акулами', 'хищных рыб', 'акула', 'акулы', 'акул', 'акулу', 'рыбу', 'рыба', 'нападения', 'воды', 'инцидент', 'видео']"
78,78,"['беспилотника', 'беспилотник', 'летательных аппаратов', 'беспилотников', 'беспилотники', 'дронов', 'беспилотных', 'беспилотные', 'дрона', 'дроны', 'дронов', 'километров', 'полет', 'полета', 'беспилотник', 'скорость', 'аппарат', 'компания', 'час', 'беспилотников']"
79,79,"['ракетно космической', 'космических аппаратов', 'космический аппарат', 'ракета носитель', 'ракет носителей', 'космической отрасли', 'ракеты носителя', 'на орбите', 'ракета', 'на орбиту', 'ракеты', 'орбиту', 'космических', 'космического', 'космической', 'носителя', 'спутников', 'спутник', 'испытания', 'аппарат']"
80,80,"['королевской семьи', 'жена принца', 'принца гарри', 'герцогиня', 'принц уильям', 'принц гарри', 'принцем гарри', 'королевской', 'на свадьбу', 'принца уильяма', 'принца', 'принц', 'герцогиня', 'королевской', 'королевской семьи', 'герцогини', 'семьи', 'платье', 'года', 'издание']"
81,81,"['науки транспорта', 'науке транспорте', 'наука транспорт', 'науки технологий', 'области транспорта', 'области науки', 'транспортные системы', 'разработка новых', 'инновации', 'инноваций', 'транспорта', 'наука', 'транспорт', 'науки', 'новых', 'технологий', 'науке', 'новые', 'области', 'технологии']"
82,82,"['стоимость нефти', 'нефть марки', 'на нефть', 'добычу нефти', 'нефть', 'экспортеров нефти', 'добычи нефти', 'нефти', 'нефти на', 'нефти опек', 'нефти', 'баррелей', 'нефть', 'баррель', 'добычи', 'доллара', 'цен', 'долларов', 'цены', 'добычу']"
83,83,"['иранской ядерной', 'против ирана', 'что иран', 'иран', 'ядерной сделки', 'ираном', 'по иранской', 'ирану', 'иранской', 'тегерана', 'ядерной', 'саудовской', 'ядерной программе', 'исламской', 'иранской', 'программе', 'санкций', 'сделки', 'санкции', 'президент']"
84,84,"['миллиона долларов', 'тысячи долларов', 'цена лота', 'тысяч долларов', 'был продан', 'на аукционе', 'на аукцион', 'сайте аукционного', 'на продажу', 'продали', 'долларов', 'аукционе', 'торги', 'тысяч', 'аукциона', 'фунтов', 'аукционного дома', 'аукционного', 'лота', 'году']"
85,85,"['астрофизики', 'астрономических', 'галактике', 'астрономы', 'галактик', 'галактики', 'экзопланет', 'астрономов', 'планеты', 'astrophysical', 'звезды', 'астрономы', 'звезд', 'ученые', 'световых', 'световых лет', 'галактики', 'планеты', 'солнца', 'галактик']"
86,86,"['протестующих', 'демонстрантов', 'протестующие', 'демонстранты', 'полиция применила', 'акции протеста', 'протесты', 'протеста', 'протеста против', 'полиция', 'протеста', 'акции', 'человек', 'слезоточивый газ', 'слезоточивый', 'полицейских', 'полиция', 'демонстрантов', 'полиции', 'порядка']"
87,87,"['она скончалась', 'умерла возрасте', 'скончалась возрасте', 'умерла', 'американская актриса', 'скончалась', 'актриса', 'актрисе', 'лет она', 'она сыграла', 'актриса', 'возрасте', 'лет', 'смерти', 'году', 'года', 'жизни', 'актрисе', 'год', 'дочь']"
88,88,"['воздуха россии', 'температура будет', 'будет холоднее', 'погоды', 'температура воздуха', 'температурные', 'температуры', 'похолодание', 'погода', 'холоднее чем', 'градусов', 'температура', 'погода', 'нормы', 'минус', 'градуса', 'осадков', 'синоптики', 'днем', 'снег']"
89,89,"['нетаньяху', 'министр израиля', 'биньямин нетаньяху', 'биньямина нетаньяху', 'израиль', 'израильские', 'еврейского государства', 'израильских', 'израильтян', 'столицей израиля', 'премьер', 'еврейского', 'израильского', 'поселений', 'министр', 'еврейского государства', 'страны', 'государства', 'израильской', 'решение']"
90,90,"['были задержаны', 'задержанных', 'задержанные', 'полиция задержала', 'задержаны', 'полиция', 'полиции', 'полицией', 'митинг', 'митинга', 'акции', 'человек', 'площади', 'полиции', 'полиция', 'участников', 'активистов', 'дела', 'акция', 'болотного дела']"
91,91,"['врачам', 'медицинских услуг', 'врачей', 'медицинского', 'минздрава', 'здравоохранения', 'медицинские', 'врачи', 'медицинской', 'министр здравоохранения', 'здравоохранения', 'врачей', 'медицинских', 'помощи', 'пациентов', 'медицинского', 'процентов', 'диспансеризации', 'здравоохранение', 'медицинской']"
92,92,"['финансов украины', 'киев должен', 'что украина', 'украина', 'украины', 'украине', 'киев', 'что киев', 'валютного фонда', 'валютный фонд', 'долларов', 'миллиарда', 'долга', 'миллиардов', 'транш', 'кредит', 'финансовой', 'кредита', 'года', 'помощи']"
93,93,"['кубинской революции', 'папа франциск', 'рауль кастро', 'кубинским', 'кубинской', 'кубинский', 'папа римский', 'фидель кастро', 'папы римского', 'католической церкви', 'папа', 'римский', 'понтифик', 'католической', 'понтифика', 'церкви', 'католической церкви', 'святого', 'папы', 'революции']"
94,94,"['иракских', 'боевики исламского', 'иракской', 'террористической группировки', 'террористы', 'террористов', 'группировки исламское', 'исламисты', 'исламистов', 'террористическая', 'аль', 'боевики', 'группировки', 'государство', 'боевиков', 'террористической', 'халифат', 'территории', 'террористической группировки', 'государства']"
95,95,"['электроснабжения', 'электроснабжение', 'электропередачи', 'энергоснабжения', 'энергоснабжение', 'электроэнергии', 'электричества', 'электричество', 'без электроснабжения', 'линий электропередачи', 'электричества', 'отключения', 'электроэнергии', 'света', 'отключение', 'подстанции', 'электропередачи', 'электроснабжения', 'аварии', 'мегаватт']"
96,96,"['экономики гаджетов', 'экономика гаджеты', 'влияние гаджетов', 'гаджетов технологий', 'рынке гаджетов', 'гаджеты технологии', 'технологий на', 'новых технологий', 'технологий', 'тенденции', 'гаджеты', 'гаджетов', 'ископаемых ископаемых', 'ископаемых', 'технологий', 'технологии', 'экономика', 'экономику', 'экономики', 'новые']"
97,97,"['твоя статья', 'твоя задача', 'интересные актуальные', 'нас ты', 'вам', 'написать правдободобную', 'тебе', 'этой статье', 'нашу жизнь', 'на нашу', 'статья', 'гаджетов', 'гаджеты', 'жизнь', 'технологии', 'статьи', 'мир', 'статью', 'статье', 'мире']"
98,98,"['курс рубля', 'рубля курс', 'рубля евро', 'курс евро', 'рубля об', 'курс доллара', 'рубля', 'евро на', 'европейская валюта', 'рублей', 'рубля', 'курс', 'доллара', 'евро', 'копеек', 'бирже', 'доллар', 'нефть', 'баррель', 'валюта']"
99,99,"['актриса театра', 'артистка россии', 'актриса', 'театра кино', 'кинематографистов', 'режиссер', 'режиссера', 'доме кино', 'скончалась', 'народная артистка', 'театра', 'актриса', 'смерти', 'артистка', 'году', 'кино', 'театре', 'лет', 'жизни', 'прощания']"
100,100,"['выиграл лотерею', 'лотерейный билет', 'победитель лотереи', 'лотерею', 'лотерее', 'лотерейный', 'лотерей', 'лотереи', 'лото', 'денежный приз', 'билет', 'лотереи', 'лотерею', 'джекпот', 'долларов', 'лотерейный', 'выигрыш', 'лотерейный билет', 'выигрыша', 'миллиона']"
101,101,"['шахте находились', 'шахты', 'руднике', 'на руднике', 'рудника', 'на шахте', 'шахте', 'шахту', 'шахте северная', 'шахтеров', 'шахте', 'горняков', 'шахты', 'поверхность', 'шахтеров', 'угольной', 'человек', 'шахтера', 'аварии', 'руднике']"
102,102,"['манекенщица', 'instagram аккаунте', 'эшли грэм', 'instagram', 'обнаженной', 'эшли', 'elle', 'селфи', 'девушка', 'ее', 'фото', 'модель', 'снимок', 'девушка', 'журнала', 'лайков', 'фотографию', 'фотографии', 'аккаунте', 'снимке']"
103,103,"['апартаменты', 'апартаментов', 'аренду', 'на манхэттене', 'жилье', 'недвижимости', 'недвижимость', 'пишет mansion', 'mansion', 'особняк', 'долларов', 'миллиона', 'апартаменты', 'фунтов', 'квадратных', 'продажу', 'особняк', 'пентхаус', 'квадратных метров', 'миллионов']"
104,104,"['платье', 'жена принца', 'платья', 'герцогиня', 'герцогиню', 'свадьбы принцем', 'герцогиню сассекскую', 'герцогиня сассекская', 'герцогини сассекской', 'королевской', 'платье', 'принца', 'герцогиня', 'герцогини', 'принцем', 'платья', 'цвета', 'публике', 'бренда', 'свадьбы']"
105,105,"['женского обрезания', 'женское обрезание', 'обрезание', 'запрет на', 'обрезания', 'запретили', 'женщинам', 'запрет', 'женщины', 'запрета', 'обрезание', 'ношение', 'мусульман', 'запрет', 'женщин', 'буркини', 'обрезания', 'женское обрезание', 'власти', 'женское']"
106,106,"['радиоактивной воды', 'радиоактивного', 'атомной электростанции', 'радиоактивной', 'реактора', 'на фукусиме', 'радиационного', 'фукусимы', 'уровень радиации', 'ядерных', 'радиации', 'реакторов', 'аварии', 'электростанции', 'радиационного', 'воды', 'атомной', 'реактора', 'полигоне', 'станции']"
107,107,"['против супермена', 'супергерое', 'супермена', 'супергероя', 'супермен', 'супермена на', 'супермене', 'dc comics', 'comics', 'комиксов', 'справедливости', 'фильма', 'заре', 'стали', 'роль', 'роли', 'долларов', 'режиссер', 'года', 'прокат']"
108,108,"['самолет ssj', 'superjet 100', 'авиакомпании аэрофлот', 'superjet', 'самолета sukhoi', 'sukhoi superjet', 'самолет', 'экипажа самолет', 'воздушного судна', 'самолета', 'экипажа', 'самолета', 'аэропорту', 'мая', 'аварийной', 'пассажиров', 'бортпроводник', 'человек', 'вылета', 'катастрофы']"
109,109,"['автомобильные дороги', 'автодорог регионального', 'региональной дорожной', 'дорожного', 'дорожной сети', 'дороги', 'автодорог', 'региональных трасс', 'дорожной', 'дорог', 'дорог', 'дороги', 'транспорта', 'качественные', 'автомобильные дороги', 'автомобильные', 'доля', 'трасс', 'дорожного', 'региональных трасс']"
110,110,"['президент польши', 'польша', 'польше', 'польские', 'польского населения', 'польских', 'поляков', 'польский', 'польская', 'польши', 'польского', 'поляков', 'мировой войны', 'мировой', 'войны', 'второй', 'польские', 'министр', 'польских', 'иностранных дел']"
111,111,"['рэперов', 'хоп исполнитель', 'рэпера', 'рэпер', 'музыкант', 'рэп баттл', 'музыканта', 'рэп', 'исполнителя', 'ему', 'рэп', 'рэпер', 'хип', 'хоп', 'баттл', 'рэперов', 'канале', 'исполнителя', 'рэпера', 'группы']"
112,112,"['криптовалютами', 'криптовалютой', 'криптовалюту', 'криптовалюта', 'криптовалюты', 'криптовалют', 'биткоинами', 'биткоины', 'цифровой валюты', 'банк россии', 'криптовалют', 'криптовалюты', 'монеты', 'биткоин', 'номиналом', 'банкноты', 'купюры', 'биткоинов', 'банк', 'монет']"
113,113,"['процентов россиян', 'россияне', 'процентов респондентов', 'россиян', 'респондентов', 'рынке труда', 'экономически активного', 'процентов опрошенных', 'занятости', 'рынка труда', 'процентов', 'процента', 'труда', 'россиян', 'работников', 'работы', 'безработных', 'респондентов', 'человек', 'занятости']"
114,114,"['потребления табака', 'легализации', 'для курения', 'употребление марихуаны', 'на сигареты', 'табачные', 'сигареты', 'табачных изделий', 'табачных', 'курения', 'марихуаны', 'сигарет', 'табака', 'курение', 'сигареты', 'курения', 'целях', 'употребление', 'запрет', 'медицинских целях']"
115,115,"['обуви аксессуаров', 'fashion', 'fashion nova', 'обувь', 'обуви', 'кроссовки', 'туфли', 'vogue', 'сандалии', 'знак обуви', 'обуви', 'бренда', 'аксессуаров', 'коллекции', 'коллекцию', 'платье', 'модели', 'модель', 'одежды', 'костюм']"
116,116,"['музея', 'музей', 'музее', 'открылась выставка', 'выставки', 'выставку', 'экспозиции', 'на выставке', 'выставке', 'экспозицию', 'выставка', 'музея', 'искусства', 'музей', 'выставки', 'музее', 'выставке', 'экспозиция', 'экспозиции', 'художника']"
117,117,"['запрет абортов', 'абортов из', 'аборты', 'абортов', 'аборта', 'аборт', 'прерывание беременности', 'прерывания беременности', 'беременности', 'госдумы', 'абортов', 'женщин', 'аборты', 'женщины', 'мужчин', 'процентов', 'детей', 'аборт', 'лет', 'беременности']"
